100
20000 20000 0 100.000057774997
10000 10000 100 100.000033032853
12020 2020 2932 100.000036201729
32929 19191 200 100.000088644601
33300 1023 2 100.000089721043
0 0 0 100.000057786551
1234 3432 4432 100.000040997352
100 100 100 100.000057208801
456 457 4 100.000056034206
100000 50000 212 100.000330136184
12000 10000 100 100.000033699123
13020 2020 2932 100.000036967831
365929 19191 200 100.001188093676
33600 1023 2 100.000090589231
0 27 0 100.000057734601
124 3432 4432 100.000043715489
12000 100600 100 100.000304075518
13020 20250 2932 100.000042734613
365929 19151 200 100.001188090242
